1|2|1608992782|1611584782|Описание|10000
1|2|1608992790|1611584790|Описание|10000
1|2|1608992790|1611584790|Описание|10000
1|2|1608992790|1611584790|Описание|10000
1|2|1608992790|1611584790|Описание|10000
1|2|1608992790|1611584790|Описание|10000
1|2|1608992790|1611584790|Описание|10000
1|2|1608992792|1611584792|Описание|10000
1|2|1608992792|1611584792|Описание|10000
1|2|1608992792|1611584792|Описание|10000
1|2|1608992792|1611584792|Описание|10000
1|2|1608992792|1611584792|Описание|10000
1|2|1608992792|1611584792|Описание|10000
1|2|1608992794|1611584794|Описание|10000
1|2|1608992794|1611584794|Описание|10000
1|2|1608992794|1611584794|Описание|10000
1|2|1608992794|1611584794|Описание|10000
1|2|1608992794|1611584794|Описание|10000
1|2|1608992794|1611584794|Описание|10000
1|2|1608992794|1611584794|Описание|10000
1|2|1608992912|1611584912|Описание|10000
1|2|1608992912|1611584912|Описание|10000
1|2|1608992912|1611584912|Описание|10000
1|2|1608992912|1611584912|Описание|10000
1|2|1608992912|1611584912|Описание|10000
1|2|1608992914|1611584914|Описание|10000
1|2|1608992914|1611584914|Описание|10000
1|2|1608992914|1611584914|Описание|10000
1|2|1608992914|1611584914|Описание|10000
1|2|1608992914|1611584914|Описание|10000
1|2|1608992914|1611584914|Описание|10000
1|2|1608992914|1611584914|Описание|10000
1|2|1608992914|1611584914|Описание|10000
1|2|1608992915|1611584915|Описание|10000
1|2|1608992915|1611584915|Описание|10000
1|2|1608992915|1611584915|Описание|10000
1|2|1608992915|1611584915|Описание|10000
1|2|1608992915|1611584915|Описание|10000
1|2|1608992915|1611584915|Описание|10000
1|2|1608992915|1611584915|Описание|10000
1|2|1608992916|1611584916|Описание|10000
1|2|1608992916|1611584916|Описание|10000
1|2|1608992916|1611584916|Описание|10000
1|2|1608992916|1611584916|Описание|10000
1|2|1608992916|1611584916|Описание|10000
1|2|1608992918|1611584918|Описание|10000
1|2|1608992918|1611584918|Описание|10000
1|2|1608992918|1611584918|Описание|10000
1|2|1608992918|1611584918|Описание|10000
1|2|1608992918|1611584918|Описание|10000
1|2|1608992918|1611584918|Описание|10000
1|2|1608992918|1611584918|Описание|10000
1|2|1608992918|1611584918|Описание|10000
1|2|1608992919|1611584919|Описание|10000
1|2|1608992919|1611584919|Описание|10000
1|2|1608992919|1611584919|Описание|10000
1|2|1608992919|1611584919|Описание|10000
1|2|1608992919|1611584919|Описание|10000
1|2|1608992919|1611584919|Описание|10000
1|2|1608992919|1611584919|Описание|10000
1|2|1608992920|1611584920|Описание|10000
1|2|1608992920|1611584920|Описание|10000
1|2|1608993113|1611585113|Описание|10000
1|2|1608993116|1611585116|Описание|10000
1|2|1608993116|1611585116|Описание|10000
1|2|1608993117|1611585117|Описание|10000
1|2|1608993117|1611585117|Описание|10000
1|2|1608993118|1611585118|Описание|10000
1|2|1608993118|1611585118|Описание|10000
1|2|1608993119|1611585119|Описание|10000
1|2|1608993119|1611585119|Описание|10000
1|2|1608994235|1611586235|Описание|10000
1|2|1608994245|1611586245|Описание|10000
1|2|1608994246|1611586246|Описание|10000
1|2|1608994423|1611586423|Описание|10000
1|2|1608994442|1611586442|Описание|10000
1|2|1608994452|1611586452|Описание|10000
1|2|1608994458|1611586458|Описание|10000
1|2|1608994490|1611586490|Описание|10000
1|2|1608994529|1611586529|Описание|10000
1|2|1608994601|1611586601|Описание|10000
1|2|1608994625|1611586625|Описание|10000
1|2|1608994633|1611586633|Описание|10000
1|2|1608994649|1611586649|Описание|10000
1|2|1608994668|1611586668|Описание|10000
1|2|1608997642|1611589642|Описание|10000
1|2|1608997645|1611589645|Описание|10000
1|2|1608997646|1611589646|Описание|10000
1|2|1608997647|1611589647|Описание|10000
1|2|1514389731|1611589731|Описание|10000
1|2|1514389735|1611589735|Описание|10000
1|2|1514389736|1611589736|Описание|10000
1|2|1514389836|1611589836|Описание|10000
1|2|1514390195|1611590195|Описание|10000
1|2|1514390199|1611590199|Описание|10000
1|2|1514390203|1611590203|Описание|10000
1|1|1514390221|1611590221|Описание|10000
1|1|1514390223|1611590223|Описание|10000
||1514400091|1611600091|Описание|10000
||1514400676|1611600676|Описание|10000
